model_in=exp/mCNN_1C_1/train_ep_16_ck_4.pkl
fea_in=/u/wangyiz3/proj/pytorch-kaldi/fmllr_shu/dev_split.000
loss=610121728.000000
err=0.999456
elapsed_time=160.083259
